01054000
01054500
01072800
01073587
01100600
01105933
01121000
01124000
01160350
01161000
01166500
01184100
01325000
01349810
01389500
01396190
01491500
01533400
01541303
01560000
01565000
01569800
01581960
01589100
01597500
01598500
01603000
01620500
01638420
01651000
01658000
01660920
01661050
01669000
02017500
02029000
02032640
02047500
02053200
02054500
02055100
02061500
02062500
02084160
02111500
0214657975
02208150
02315500
02327100
02361000
02362240
02369800
02388500
02397000
02401000
02423380
02423397
02430880
02479560
03020500
03021350
03052000
03054500
03069870
03072000
03076500
03079000
03118000
03189100
03201405
03202400
03212980
03228300
03250500
03263000
03270500
03271601
03276500
03281000
03324000
03326500
03330241
03351000
03374000
03413200
03455500
03460795
03465500
03503000
03529500
03566000
03597590
04058200
04087159
04101800
04102700
04122500
04126740
04127800
04137005
04147500
04151500
04164000
04168000
04183000
04233000
04282500
04296500
05046000
05247500
05372995
05391000
05404000
05419000
05430175
05431032
05439000
05447500
05504800
05506350
05517530
05536105
05536255
05539900
05576500
05585000
05590950
05593900
06043500
06191500
06200000
06298000
06408700
06450500
06652000
06799100
06803080
06821190
06836500
06847900
06872500
06888500
06917000
06930000
06930060
06935755
06935770
07010030
07049000
07060710
07061900
07064000
07119500
07121500
07144100
07152000
07154500
07171000
07174400
07176500
07178000
07180500
07182510
07184000
07233650
07260500
07289730
07295000
07300000
07300500
07335700
07362587
07378500
08012000
08019200
08019500
08028500
08068400
08070500
08085500
08123850
08136000
08155240
08164800
08166200
08171000
08171300
08181480
08190000
08192000
08196000
08285500
08319000
08382500
08390500
09073400
09080400
09211200
09349800
09400562
09406000
09447800
09470800
09480000
09485000
09505800
10234500
10243700
10244950
10251300
10256500
10259000
10309000
10310000
10311400
10322150
11025500
11028500
11042400
11044350
11063510
11070500
11106550
11136800
11152300
11157500
11181000
11284400
11465680
11466320
11507500
11517500
11521500
12079000
12086500
12117000
12155300
12201500
12342500
12370000
12372000
12390700
12413370
12422500
12451000
12459000
12510500
13037500
13112000
13246000
13251000
13292000
13324300
13334450
14087400
14103000
14138800
14150000
14151000
14163900
14165000
14181500
14201300
14201340
14206950
14243000
14307620
14312500
14316700
